10,154
10,268
10,192
10,6
10,68
10,70
10,168
10,2
10,3
9,7
9,6
8,9
58,7
58,6
58,5
58,3
58,1
56,3
56,1
49,3
49,1
8,11
41,7
8,2
8,3
41,6
41,5
41,4
41,3
41,1
20,3
20,2
20,1
19,3
19,2
19,1
12,3
12,2
12,1
11,28
11,27
11,26
11,25
11,24
11,23
11,22
11,21
11,20
11,19
11,18
11,17
11,16
11,15
11,14
11,13
11,12
11,11
11,10
11,9
11,8
11,7
11,6
11,5
11,4
11,3
11,2
11,1
10,302
10,300
10,296
10,292
10,290
10,289
10,288
10,286
10,278
10,277
10,265
10,262
10,257
10,255
10,250
10,246
10,240
10,236
10,235
10,226
10,217
10,212
10,206
10,204
10,193
10,190
10,189
10,184
10,181
10,178
10,170
10,157
10,151
10,150
10,139
10,135
10,122
10,120
10,84
10,82
